# name: debug
# type: sparse matrix
# nnz: 151851
# rows: 3115
# columns: 3115

1 1 2.999999947
2 1 0.000000024
3 1 0.000000002
4 1 -0.000001781
5 1 0.000000165
6 1 -0.000000223
7 1 -0.000000000
22 1 -0.999128871
23 1 0.000737616
24 1 -0.041723598
25 1 0.000000436
26 1 0.000000024
27 1 0.000000239
28 1 -0.000000071
29 1 -0.998705532
30 1 0.003444964
31 1 -0.050748969
32 1 0.000000889
33 1 -0.000000114
34 1 0.000000045
35 1 -0.000000013
36 1 -0.998859366
37 1 0.006543461
38 1 -0.047299437
39 1 0.000000444
40 1 -0.000000082
41 1 0.000000024
42 1 -0.000000011
1 2 0.000000024
2 2 2.999999736
3 2 -0.000000060
4 2 -0.000000443
5 2 -0.000000000
6 2 -0.000000663
7 2 -0.000000000
22 2 -0.000600685
23 2 -0.999994375
24 2 -0.003296140
25 2 0.000000438
26 2 -0.000000029
27 2 0.000000237
28 2 -0.000000071
29 2 -0.003428868
30 2 -0.999994018
31 2 -0.000412001
32 2 -0.000000012
33 2 -0.000000028
34 2 0.000000222
35 2 -0.000000102
36 2 -0.006670443
37 2 -0.999974561
38 2 0.002521863
39 2 -0.000000014
40 2 0.000000056
41 2 0.000000222
42 2 -0.000000133
1 3 0.000000002
2 3 -0.000000060
3 3 2.999999888
4 3 0.000000000
5 3 -0.000000172
6 3 -0.000000223
7 3 0.000000000
22 3 0.041725852
23 3 0.003268266
24 3 -0.999123706
25 3 0.000000002
26 3 0.000000060
27 3 0.000000000
28 3 0.000000000
29 3 0.050750128
30 3 0.000237444
31 3 -0.998711343
32 3 -0.000000011
33 3 0.000000056
34 3 0.000000222
35 3 -0.000000102
36 3 0.047281760
37 3 -0.002834434
38 3 -0.998877536
39 3 -0.000000002
40 3 0.000000056
41 3 -0.000000000
42 3 0.000000001
1 4 -0.000001781
2 4 -0.000000443
3 4 0.000000000
4 4 3.000003320
5 4 -0.000000640
6 4 -0.000000445
7 4 0.000001335
22 4 -0.000063498
23 4 0.310816560
24 4 0.007015680
25 4 -0.999129787
26 4 0.000737992
27 4 -0.041723315
28 4 0.006499837
29 4 0.001117645
30 4 0.459082542
31 4 0.009168312
32 4 -0.998706549
33 4 0.003445164
34 4 -0.050749456
35 4 0.012816313
36 4 0.003453093
37 4 0.603205273
38 4 0.010529372
39 4 -0.998859325
40 4 0.006543572
41 4 -0.047299503
42 4 0.019224857
1 5 0.000000165
2 5 -0.000000000
3 5 -0.000000172
4 5 -0.000000640
5 5 2.999999703
6 5 0.000000250
7 5 -0.000000223
22 5 -0.310838478
23 5 0.000208049
24 5 -0.006474464
25 5 -0.000600760
26 5 -0.999994473
27 5 -0.003296419
28 5 -0.005996275
29 5 -0.459142589
30 5 0.001578769
31 5 -0.010498519
32 5 -0.003428896
33 5 -0.999993946
34 5 -0.000412031
35 5 -0.008991047
36 5 -0.603407587
37 5 0.004000865
38 5 -0.009326979
39 5 -0.006669580
40 5 -0.999974521
41 5 0.002521858
42 5 -0.012064140
1 6 -0.000000223
2 6 -0.000000663
3 6 -0.000000223
4 6 -0.000000445
5 6 0.000000250
6 6 3.000000649
7 6 -0.000000445
22 6 -0.005994674
23 6 -0.006496282
24 6 -0.000271630
25 6 0.041725739
26 6 0.003268025
27 6 -0.999124004
28 6 0.310837994
29 6 -0.009023242
30 6 -0.012785517
31 6 -0.000461504
32 6 0.050750299
33 6 0.000237558
34 6 -0.998711422
35 6 0.459086564
36 6 -0.012178488
37 6 -0.019144958
38 6 -0.000521969
39 6 0.047281739
40 6 -0.002834372
41 6 -0.998877754
42 6 0.603186887
1 7 -0.000000000
2 7 -0.000000000
3 7 0.000000000
4 7 0.000001335
5 7 -0.000000223
6 7 -0.000000445
7 7 3.000000386
22 7 -0.000000000
23 7 0.000000138
24 7 0.000000003
25 7 -0.000000445
26 7 0.000000000
27 7 -0.000000019
28 7 -1.000000105
29 7 0.000000054
30 7 0.000000207
31 7 0.000000005
32 7 -0.000000455
33 7 0.000000113
34 7 0.000000200
35 7 -1.000000094
36 7 0.000000071
37 7 0.000000272
38 7 0.000000006
39 7 -0.000000454
40 7 0.000000115
41 7 0.000000201
42 7 -1.000000237
8 8 4.000000091
9 8 -0.000000022
10 8 0.000000088
11 8 0.000001781
12 8 0.000000692
13 8 -0.000000673
14 8 0.000000000
15 8 -0.999763116
16 8 0.000952858
17 8 -0.021746146
18 8 -0.000000450
19 8 -0.000000164
20 8 0.000000214
21 8 -0.000000034
22 8 -0.999547234
23 8 0.003867529
24 8 -0.029840413
25 8 -0.000000452
26 8 -0.000000168
27 8 0.000000208
28 8 -0.000000051
29 8 -0.999222133
30 8 0.006610988
31 8 -0.038879112
32 8 -0.000000455
33 8 -0.000000164
34 8 0.000000206
35 8 -0.000000083
36 8 -0.999324518
37 8 0.009745656
38 8 -0.035437188
39 8 -0.000000447
40 8 -0.000000187
41 8 -0.000000012
42 8 0.000000002
8 9 -0.000000022
9 9 4.000000125
10 9 0.000000046
11 9 0.000000894
12 9 -0.000000362
13 9 0.000000698
14 9 -0.000000000
15 9 -0.000915554
16 9 -0.999998170
17 9 -0.001721146
18 9 -0.000000003
19 9 0.000000111
20 9 -0.000000003
21 9 0.000000001
22 9 -0.003795657
23 9 -0.999989598
24 9 -0.002458059
25 9 -0.000000435
26 9 0.000000086
27 9 -0.000000247
28 9 0.000000056
29 9 -0.006631218
30 9 -0.999977854
31 9 0.000397289
32 9 -0.000000435
33 9 0.000000086
34 9 -0.000000248
35 9 0.000000092
36 9 -0.009869915
37 9 -0.999945747
38 9 0.003342176
39 9 0.000000005
40 9 0.000000083
41 9 -0.000000231
42 9 0.000000122
8 10 0.000000088
9 10 0.000000046
10 10 3.999999945
11 10 -0.000002221
12 10 -0.000000504
13 10 0.000000000
14 10 0.000000000
15 10 0.021747749
16 10 0.001700798
17 10 -0.999762062
18 10 0.000000448
19 10 0.000000114
20 10 -0.000000213
21 10 0.000000034
22 10 0.029849625
23 10 0.002343355
24 10 -0.999551634
25 10 0.000000892
26 10 0.000000119
27 10 0.000000027
28 10 -0.000000002
29 10 0.038875699
30 10 -0.000655001
31 10 -0.999243839
32 10 0.000000444
33 10 0.000000116
34 10 0.000000017
35 10 -0.000000003
36 10 0.035402744
37 10 -0.003689870
38 10 -0.999366331
39 10 0.000000435
40 10 0.000000144
41 10 0.000000238
42 10 -0.000000121
8 11 0.000001781
9 11 0.000000894
10 11 -0.000002221
11 11 4.000002646
12 11 0.000002921
13 11 0.000000668
14 11 -0.000000000
15 11 0.000082104
16 11 0.155302896
17 11 0.003052344
18 11 -0.999763042
19 11 0.000952516
20 11 -0.021745941
21 11 0.001764743
22 11 0.000742101
23 11 0.231483928
24 11 0.005132180
25 11 -0.999548103
26 11 0.003867520
27 11 -0.029840370
28 11 0.003305294
29 11 0.002220003
30 11 0.379804771
31 11 0.007527216
32 11 -0.999223028
33 11 0.006610632
34 11 -0.038879366
35 11 0.007869248
36 11 0.004786350
37 11 0.523982796
38 11 0.009118251
39 11 -0.999324731
40 11 0.009745483
41 11 -0.035436990
42 11 0.012575179
8 12 0.000000692
9 12 -0.000000362
10 12 -0.000000504
11 12 0.000002921
12 12 4.000000643
13 12 -0.000000501
14 12 -0.000000223
15 12 -0.155309417
16 12 0.000145102
17 12 -0.001613148
18 12 -0.000916018
19 12 -0.999998164
20 12 -0.001721161
21 12 -0.002785928
22 12 -0.231490984
23 12 0.000887807
24 12 -0.003603848
25 12 -0.003796659
26 12 -0.999989891
27 12 -0.002457950
28 12 -0.004564931
29 12 -0.379817820
30 12 0.002516452
31 12 -0.006903406
32 12 -0.006632177
33 12 -0.999978008
34 12 0.000397509
35 12 -0.007683672
36 12 -0.524061805
37 12 0.005152784
38 12 -0.006000556
39 12 -0.009870432
40 12 -0.999945841
41 12 0.003341894
42 12 -0.010876176
8 13 -0.000000673
9 13 0.000000698
10 13 0.000000000
11 13 0.000000668
12 13 -0.000000501
13 13 4.000001756
14 13 -0.000000890
15 13 -0.002786806
16 13 -0.001761737
17 13 -0.000063301
18 13 0.021747494
19 13 0.001701001
20 13 -0.999762168
21 13 0.155308111
22 13 -0.004575504
23 13 -0.003288391
24 13 -0.000143982
25 13 0.029849460
26 13 0.002343598
27 13 -0.999551883
28 13 0.231496919
29 13 -0.007729480
30 13 -0.007818317
31 13 -0.000295303
32 13 0.038876028
33 13 -0.000654674
34 13 -0.999244334
35 13 0.379807526
36 13 -0.010992586
37 13 -0.012468256
38 13 -0.000343378
39 13 0.035402582
40 13 -0.003689411
41 13 -0.999366697
42 13 0.523971160
8 14 0.000000000
9 14 -0.000000000
10 14 0.000000000
11 14 -0.000000000
12 14 -0.000000223
13 14 -0.000000890
14 14 4.000000439
15 14 0.000000009
16 14 0.000000000
17 14 0.000000000
18 14 -0.000000005
19 14 0.000000055
20 14 0.000000223
21 14 -1.000000089
22 14 0.000000014
23 14 0.000000001
24 14 0.000000000
25 14 -0.000000006
26 14 0.000000055
27 14 0.000000223
28 14 -1.000000215
29 14 0.000000023
30 14 0.000000002
31 14 0.000000000
32 14 -0.000000008
33 14 0.000000056
34 14 0.000000222
35 14 -1.000000138
36 14 0.000000032
37 14 0.000000002
38 14 0.000000000
39 14 -0.000000007
40 14 0.000000056
41 14 0.000000222
42 14 -1.000000283
8 15 -0.999763116
9 15 -0.000915554
10 15 0.021747749
11 15 0.000082104
12 15 -0.155309417
13 15 -0.002786806
14 15 0.000000009
15 15 2.024128840
16 15 -0.000004881
17 15 0.000250951
18 15 -0.000000504
19 15 0.155304450
20 15 0.003051686
21 15 0.000000009
29 15 -0.999836863
30 15 0.005707955
31 15 -0.017138229
32 15 -0.000000000
33 15 0.000000004
34 15 0.000000004
35 15 -0.000000001
8 16 0.000952858
9 16 -0.999998170
10 16 0.001700798
11 16 0.155302896
12 16 0.000145102
13 16 -0.001761737
14 16 0.000000000
15 16 -0.000004881
16 16 2.024122201
17 16 0.000473904
18 16 -0.155305398
19 16 0.000000019
20 16 -0.001616698
21 16 0.000000038
29 16 -0.005745296
30 16 -0.999981473
31 16 0.002133978
32 16 0.000000875
33 16 -0.000000115
34 16 0.000000678
35 16 -0.000000150
8 17 -0.021746146
9 17 -0.001721146
10 17 -0.999762062
11 17 0.003052344
12 17 -0.001613148
13 17 -0.000063301
14 17 0.000000000
15 17 0.000250951
16 17 0.000473904
17 17 2.000011958
18 17 -0.003051071
19 17 0.001615829
20 17 0.000000133
21 17 0.000000049
29 17 0.017125813
30 17 -0.002231956
31 17 -0.999850821
32 17 -0.000000441
33 17 0.000000118
34 17 -0.000000453
35 17 0.000000101
8 18 -0.000000450
9 18 -0.000000003
10 18 0.000000448
11 18 -0.999763042
12 18 -0.000916018
13 18 0.021747494
14 18 -0.000000005
15 18 -0.000000504
16 18 -0.155305398
17 18 -0.003051071
18 18 1.999999962
19 18 0.000000606
20 18 0.000000043
21 18 0.001616337
29 18 0.001199439
30 18 0.224577834
31 18 0.004804976
32 18 -0.999837206
33 18 0.005707934
34 18 -0.017138515
35 18 0.001216557
8 19 -0.000000164
9 19 0.000000111
10 19 0.000000114
11 19 0.000952516
12 19 -0.999998164
13 19 0.001701001
14 19 0.000000055
15 19 0.155304450
16 19 0.000000019
17 19 0.001615829
18 19 0.000000606
19 19 2.000000241
20 19 0.000000032
21 19 0.003051929
29 19 -0.224554937
30 19 0.001284593
31 19 -0.002632666
32 19 -0.005745798
33 19 -0.999981342
34 19 0.002134092
35 19 -0.005285391
8 20 0.000000214
9 20 -0.000000003
10 20 -0.000000213
11 20 -0.021745941
12 20 -0.001721161
13 20 -0.999762168
14 20 0.000000223
15 20 0.003051686
16 20 -0.001616698
17 20 0.000000133
18 20 0.000000043
19 20 0.000000032
20 20 1.999999769
21 20 -0.155304940
29 20 -0.005291266
30 20 -0.001185336
31 20 -0.000088339
32 20 0.017125186
33 20 -0.002232268
34 20 -0.999850984
35 20 0.224570551
8 21 -0.000000034
9 21 0.000000001
10 21 0.000000034
11 21 0.001764743
12 21 -0.002785928
13 21 0.155308111
14 21 -1.000000089
15 21 0.000000009
16 21 0.000000038
17 21 0.000000049
18 21 0.001616337
19 21 0.003051929
20 21 -0.155304940
21 21 2.024131699
29 21 -0.000000036
30 21 0.000000100
31 21 0.000000002
32 21 -0.000000450
33 21 -0.000000164
34 21 0.000000215
35 21 -1.000000160
1 22 -0.999128871
2 22 -0.000600685
3 22 0.041725852
4 22 -0.000063498
5 22 -0.310838478
6 22 -0.005994674
7 22 -0.000000000
8 22 -0.999547234
9 22 -0.003795657
10 22 0.029849625
11 22 0.000742101
12 22 -0.231490984
13 22 -0.004575504
14 22 0.000000014
22 22 3.150266012
23 22 -0.000064305
24 22 0.002852323
25 22 -0.000000086
26 22 0.542297796
27 22 0.012136976
28 22 0.000000084
36 22 -0.999966096
37 22 0.006055491
38 22 -0.005577741
39 22 0.000000445
40 22 0.000000044
41 22 -0.000000001
42 22 0.000000001
1 23 0.000737616
2 23 -0.999994375
3 23 0.003268266
4 23 0.310816560
5 23 0.000208049
6 23 -0.006496282
7 23 0.000000138
8 23 0.003867529
9 23 -0.999989598
10 23 0.002343355
11 23 0.231483928
12 23 0.000887807
13 23 -0.003288391
14 23 0.000000001
22 23 -0.000064305
23 23 3.150245141
24 23 0.003366345
25 23 -0.542297078
26 23 0.000000165
27 23 -0.010101223
28 23 -0.000000456
36 23 -0.006088067
37 23 -0.999964459
38 23 0.005821238
39 23 -0.000000437
40 23 -0.000000053
41 23 0.000000002
42 23 -0.000000001
1 24 -0.041723598
2 24 -0.003296140
3 24 -0.999123706
4 24 0.007015680
5 24 -0.006474464
6 24 -0.000271630
7 24 0.000000003
8 24 -0.029840413
9 24 -0.002458059
10 24 -0.999551634
11 24 0.005132180
12 24 -0.003603848
13 24 -0.000143982
14 24 0.000000000
22 24 0.002852323
23 24 0.003366345
24 24 3.000130496
25 24 -0.012137935
26 24 0.010102049
27 24 -0.000000354
28 24 0.000000074
36 24 0.005542301
37 24 -0.005855169
38 24 -0.999967499
39 24 0.000000449
40 24 -0.000000007
41 24 0.000000003
42 24 -0.000000000
1 25 0.000000436
2 25 0.000000438
3 25 0.000000002
4 25 -0.999129787
5 25 -0.000600760
6 25 0.041725739
7 25 -0.000000445
8 25 -0.000000452
9 25 -0.000000435
10 25 0.000000892
11 25 -0.999548103
12 25 -0.003796659
13 25 0.029849460
14 25 -0.000000006
22 25 -0.000000086
23 25 -0.542297078
24 25 -0.012137935
25 25 3.000002422
26 25 -0.000000809
27 25 0.000000089
28 25 0.010102939
36 25 0.001741853
37 25 0.292635304
38 25 0.005329090
39 25 -0.999966886
40 25 0.006055078
41 25 -0.005577541
42 25 0.000511442
1 26 0.000000024
2 26 -0.000000029
3 26 0.000000060
4 26 0.000737992
5 26 -0.999994473
6 26 0.003268025
7 26 0.000000000
8 26 -0.000000168
9 26 0.000000086
10 26 0.000000119
11 26 0.003867520
12 26 -0.999989891
13 26 0.002343598
14 26 0.000000055
22 26 0.542297796
23 26 0.000000165
24 26 0.010102049
25 26 -0.000000809
26 26 3.000000190
27 26 0.000000664
28 26 0.012137172
36 26 -0.292596237
37 26 0.001774798
38 26 -0.001120417
39 26 -0.006087601
40 26 -0.999964583
41 26 0.005821012
42 26 -0.007032560
1 27 0.000000239
2 27 0.000000237
3 27 0.000000000
4 27 -0.041723315
5 27 -0.003296419
6 27 -0.999124004
7 27 -0.000000019
8 27 0.000000208
9 27 -0.000000247
10 27 0.000000027
11 27 -0.029840370
12 27 -0.002457950
13 27 -0.999551883
14 27 0.000000223
22 27 0.012136976
23 27 -0.010101223
24 27 -0.000000354
25 27 0.000000089
26 27 0.000000664
27 27 3.000000713
28 27 -0.542297606
36 27 -0.007035544
37 27 -0.000468389
38 27 -0.000036164
39 27 0.005541788
40 27 -0.005855259
41 27 -0.999967773
42 27 0.292603566
1 28 -0.000000071
2 28 -0.000000071
3 28 0.000000000
4 28 0.006499837
5 28 -0.005996275
6 28 0.310837994
7 28 -1.000000105
8 28 -0.000000051
9 28 0.000000056
10 28 -0.000000002
11 28 0.003305294
12 28 -0.004564931
13 28 0.231496919
14 28 -1.000000215
22 28 0.000000084
23 28 -0.000000456
24 28 0.000000074
25 28 0.010102939
26 28 0.012137172
27 28 -0.542297606
28 28 3.150321403
36 28 -0.000000016
37 28 0.000000000
38 28 -0.000000000
39 28 -0.000000000
40 28 -0.000000056
41 28 0.000000000
42 28 -1.000000114
1 29 -0.998705532
2 29 -0.003428868
3 29 0.050750128
4 29 0.001117645
5 29 -0.459142589
6 29 -0.009023242
7 29 0.000000054
8 29 -0.999222133
9 29 -0.006631218
10 29 0.038875699
11 29 0.002220003
12 29 -0.379817820
13 29 -0.007729480
14 29 0.000000023
15 29 -0.999836863
16 29 -0.005745296
17 29 0.017125813
18 29 0.001199439
19 29 -0.224554937
20 29 -0.005291266
21 29 -0.000000036
29 29 4.405675256
30 29 -0.000161392
31 29 0.008073054
32 29 0.000000810
33 29 1.063540232
34 29 0.021420766
35 29 0.000000219
43 29 -0.999750607
44 29 0.010227383
45 29 0.019854591
46 29 -0.000000437
47 29 -0.000000077
48 29 0.000000454
49 29 -0.000000130
1 30 0.003444964
2 30 -0.999994018
3 30 0.000237444
4 30 0.459082542
5 30 0.001578769
6 30 -0.012785517
7 30 0.000000207
8 30 0.006610988
9 30 -0.999977854
10 30 -0.000655001
11 30 0.379804771
12 30 0.002516452
13 30 -0.007818317
14 30 0.000000002
15 30 0.005707955
16 30 -0.999981473
17 30 -0.002231956
18 30 0.224577834
19 30 0.001284593
20 30 -0.001185336
21 30 0.000000100
29 30 -0.000161392
30 30 4.405679975
31 30 0.008117963
32 30 -1.063540885
33 30 -0.000000182
34 30 -0.020144176
35 30 0.000000146
43 30 -0.010141256
44 30 -0.999938839
45 30 0.004429544
46 30 0.000000003
47 30 -0.000000083
48 30 0.000000207
49 30 -0.000000060
1 31 -0.050748969
2 31 -0.000412001
3 31 -0.998711343
4 31 0.009168312
5 31 -0.010498519
6 31 -0.000461504
7 31 0.000000005
8 31 -0.038879112
9 31 0.000397289
10 31 -0.999243839
11 31 0.007527216
12 31 -0.006903406
13 31 -0.000295303
14 31 0.000000000
15 31 -0.017138229
16 31 0.002133978
17 31 -0.999850821
18 31 0.004804976
19 31 -0.002632666
20 31 -0.000088339
21 31 0.000000002
29 31 0.008073054
30 31 0.008117963
31 31 4.000328854
32 31 -0.021421500
33 31 0.020143486
34 31 0.000000213
35 31 0.000000067
43 31 -0.019898683
44 31 -0.004227047
45 31 -0.999793083
46 31 -0.000000005
47 31 -0.000000097
48 31 -0.000000222
49 31 0.000000063
1 32 0.000000889
2 32 -0.000000012
3 32 -0.000000011
4 32 -0.998706549
5 32 -0.003428896
6 32 0.050750299
7 32 -0.000000455
8 32 -0.000000455
9 32 -0.000000435
10 32 0.000000444
11 32 -0.999223028
12 32 -0.006632177
13 32 0.038876028
14 32 -0.000000008
15 32 -0.000000000
16 32 0.000000875
17 32 -0.000000441
18 32 -0.999837206
19 32 -0.005745798
20 32 0.017125186
21 32 -0.000000450
29 32 0.000000810
30 32 -1.063540885
31 32 -0.021421500
32 32 4.000002593
33 32 0.000000238
34 32 0.000000465
35 32 0.020142903
43 32 0.003057067
44 32 0.287903588
45 32 0.005663248
46 32 -0.999751053
47 32 0.010227020
48 32 0.019854574
49 32 -0.003910157
1 33 -0.000000114
2 33 -0.000000028
3 33 0.000000056
4 33 0.003445164
5 33 -0.999993946
6 33 0.000237558
7 33 0.000000113
8 33 -0.000000164
9 33 0.000000086
10 33 0.000000116
11 33 0.006610632
12 33 -0.999978008
13 33 -0.000654674
14 33 0.000000056
15 33 0.000000004
16 33 -0.000000115
17 33 0.000000118
18 33 0.005707934
19 33 -0.999981342
20 33 -0.002232268
21 33 -0.000000164
29 33 1.063540232
30 33 -0.000000182
31 33 0.020143486
32 33 0.000000238
33 33 4.000000129
34 33 -0.000000223
35 33 0.021421913
43 33 -0.287897679
44 33 0.002927846
45 33 0.001806359
46 33 -0.010141193
47 33 -0.999938768
48 33 0.004429512
49 33 -0.006939742
1 34 0.000000045
2 34 0.000000222
3 34 0.000000222
4 34 -0.050749456
5 34 -0.000412031
6 34 -0.998711422
7 34 0.000000200
8 34 0.000000206
9 34 -0.000000248
10 34 0.000000017
11 34 -0.038879366
12 34 0.000397509
13 34 -0.999244334
14 34 0.000000222
15 34 0.000000004
16 34 0.000000678
17 34 -0.000000453
18 34 -0.017138515
19 34 0.002134092
20 34 -0.999850984
21 34 0.000000215
29 34 0.021420766
30 34 -0.020144176
31 34 0.000000213
32 34 0.000000465
33 34 -0.000000223
34 34 4.000000144
35 34 -1.063540157
43 34 -0.006898139
44 34 0.003981057
45 34 0.000120630
46 34 -0.019898519
47 34 -0.004226950
48 34 -0.999792801
49 34 0.287891664
1 35 -0.000000013
2 35 -0.000000102
3 35 -0.000000102
4 35 0.012816313
5 35 -0.008991047
6 35 0.459086564
7 35 -1.000000094
8 35 -0.000000083
9 35 0.000000092
10 35 -0.000000003
11 35 0.007869248
12 35 -0.007683672
13 35 0.379807526
14 35 -1.000000138
15 35 -0.000000001
16 35 -0.000000150
17 35 0.000000101
18 35 0.001216557
19 35 -0.005285391
20 35 0.224570551
21 35 -1.000000160
29 35 0.000000219
30 35 0.000000146
31 35 0.000000067
32 35 0.020142903
33 35 0.021421913
34 35 -1.063540157
35 35 4.405841726
43 35 0.000000000
44 35 0.000000000
45 35 0.000000000
46 35 0.000000000
47 35 0.000000000
48 35 0.000000000
49 35 -1.000000110
1 36 -0.998859366
2 36 -0.006670443
3 36 0.047281760
4 36 0.003453093
5 36 -0.603407587
6 36 -0.012178488
7 36 0.000000071
8 36 -0.999324518
9 36 -0.009869915
10 36 0.035402744
11 36 0.004786350
12 36 -0.524061805
13 36 -0.010992586
14 36 0.000000032
22 36 -0.999966096
23 36 -0.006088067
24 36 0.005542301
25 36 0.001741853
26 36 -0.292596237
27 36 -0.007035544
28 36 -0.000000016
36 36 4.724710597
37 36 -0.000159853
38 36 0.009200144
39 36 0.000000691
40 36 1.420207506
41 36 0.024866661
42 36 0.000000281
50 36 -0.998980683
51 36 0.012470074
52 36 0.043384044
53 36 0.000000000
54 36 0.000000004
55 36 0.000000003
56 36 -0.000000001
1 37 0.006543461
2 37 -0.999974561
3 37 -0.002834434
4 37 0.603205273
5 37 0.004000865
6 37 -0.019144958
7 37 0.000000272
8 37 0.009745656
9 37 -0.999945747
10 37 -0.003689870
11 37 0.523982796
12 37 0.005152784
13 37 -0.012468256
14 37 0.000000002
22 37 0.006055491
23 37 -0.999964459
24 37 -0.005855169
25 37 0.292635304
26 37 0.001774798
27 37 -0.000468389
28 37 0.000000000
36 37 -0.000159853
37 37 4.724617910
38 37 0.012632691
39 37 -1.420208786
40 37 0.000000265
41 37 -0.016642398
42 37 0.000000521
50 37 -0.012380093
51 37 -0.999920634
52 37 0.002343986
53 37 0.000000014
54 37 -0.000000083
55 37 0.000000444
56 37 -0.000000128
1 38 -0.047299437
2 38 0.002521863
3 38 -0.998877536
4 38 0.010529372
5 38 -0.009326979
6 38 -0.000521969
7 38 0.000000006
8 38 -0.035437188
9 38 0.003342176
10 38 -0.999366331
11 38 0.009118251
12 38 -0.006000556
13 38 -0.000343378
14 38 0.000000000
22 38 -0.005577741
23 38 0.005821238
24 38 -0.999967499
25 38 0.005329090
26 38 -0.001120417
27 38 -0.000036164
28 38 -0.000000000
36 38 0.009200144
37 38 0.012632691
38 38 4.000347116
39 38 -0.024867132
40 38 0.016640275
41 38 -0.000000271
42 38 0.000000133
50 38 -0.043409784
51 38 -0.001804492
52 38 -0.999055790
53 38 -0.000000002
54 38 0.000000056
55 38 -0.000000000
56 38 0.000000000
1 39 0.000000444
2 39 -0.000000014
3 39 -0.000000002
4 39 -0.998859325
5 39 -0.006669580
6 39 0.047281739
7 39 -0.000000454
8 39 -0.000000447
9 39 0.000000005
10 39 0.000000435
11 39 -0.999324731
12 39 -0.009870432
13 39 0.035402582
14 39 -0.000000007
22 39 0.000000445
23 39 -0.000000437
24 39 0.000000449
25 39 -0.999966886
26 39 -0.006087601
27 39 0.005541788
28 39 -0.000000000
36 39 0.000000691
37 39 -1.420208786
38 39 -0.024867132
39 39 4.000000915
40 39 0.000000436
41 39 0.000000280
42 39 0.016641297
50 39 0.003843316
51 39 0.287369922
52 39 0.005889852
53 39 -0.998980996
54 39 0.012469999
55 39 0.043384190
56 39 -0.007603229
1 40 -0.000000082
2 40 0.000000056
3 40 0.000000056
4 40 0.006543572
5 40 -0.999974521
6 40 -0.002834372
7 40 0.000000115
8 40 -0.000000187
9 40 0.000000083
10 40 0.000000144
11 40 0.009745483
12 40 -0.999945841
13 40 -0.003689411
14 40 0.000000056
22 40 0.000000044
23 40 -0.000000053
24 40 -0.000000007
25 40 0.006055078
26 40 -0.999964583
27 40 -0.005855259
28 40 -0.000000056
36 40 1.420207506
37 40 0.000000265
38 40 0.016640275
39 40 0.000000436
40 40 4.000000232
41 40 -0.000000172
42 40 0.024867380
50 40 -0.287417322
51 40 0.003569769
52 40 0.004871671
53 40 -0.012380032
54 40 -0.999920697
55 40 0.002344181
56 40 -0.006569908
1 41 0.000000024
2 41 0.000000222
3 41 -0.000000000
4 41 -0.047299503
5 41 0.002521858
6 41 -0.998877754
7 41 0.000000201
8 41 -0.000000012
9 41 -0.000000231
10 41 0.000000238
11 41 -0.035436990
12 41 0.003341894
13 41 -0.999366697
14 41 0.000000222
22 41 -0.000000001
23 41 0.000000002
24 41 0.000000003
25 41 -0.005577541
26 41 0.005821012
27 41 -0.999967773
28 41 0.000000000
36 41 0.024866661
37 41 -0.016642398
38 41 -0.000000271
39 41 0.000000280
40 41 -0.000000172
41 41 4.000000339
42 41 -1.420208406
50 41 -0.006469233
51 41 0.007685344
52 41 0.000267351
53 41 -0.043410384
54 41 -0.001804690
55 41 -0.999055592
56 41 0.287379976
1 42 -0.000000011
2 42 -0.000000133
3 42 0.000000001
4 42 0.019224857
5 42 -0.012064140
6 42 0.603186887
7 42 -1.000000237
8 42 0.000000002
9 42 0.000000122
10 42 -0.000000121
11 42 0.012575179
12 42 -0.010876176
13 42 0.523971160
14 42 -1.000000283
22 42 0.000000001
23 42 -0.000000001
24 42 -0.000000000
25 42 0.000511442
26 42 -0.007032560
27 42 0.292603566
28 42 -1.000000114
36 42 0.000000281
37 42 0.000000521
38 42 0.000000133
39 42 0.016641297
40 42 0.024867380
41 42 -1.420208406
42 42 4.724838390
50 42 -0.000000030
51 42 0.000000128
52 42 0.000000003
53 42 -0.000000446
54 42 -0.000000106
55 42 0.000000020
56 42 -1.000000003
29 43 -0.999750607
30 43 -0.010141256
31 43 -0.019898683
32 43 0.003057067
33 43 -0.287897679
34 43 -0.006898139
35 43 0.000000000
43 43 1.082942021
44 43 0.000009784
45 43 -0.000503575
46 43 0.000000613
47 43 0.287940475
48 43 0.005682196
49 43 0.000000055
29 44 0.010227383
30 44 -0.999938839
31 44 -0.004227047
32 44 0.287903588
33 44 0.002927846
34 44 0.003981057
35 44 0.000000000
43 44 0.000009784
44 44 1.082912807
45 44 0.001636183
46 44 -0.287940509
47 44 -0.000000127
48 44 0.001748867
49 44 0.000000067
29 45 0.019854591
30 45 0.004429544
31 45 -0.999793083
32 45 0.005663248
33 45 0.001806359
34 45 0.000120630
35 45 0.000000000
43 45 -0.000503575
44 45 0.001636183
45 45 1.000035370
46 45 -0.005682551
47 45 -0.001748840
48 45 -0.000000164
49 45 0.000000049
29 46 -0.000000437
30 46 0.000000003
31 46 -0.000000005
32 46 -0.999751053
33 46 -0.010141193
34 46 -0.019898519
35 46 0.000000000
43 46 0.000000613
44 46 -0.287940509
45 46 -0.005682551
46 46 0.999999867
47 46 0.000000306
48 46 0.000000104
49 46 -0.001749129
29 47 -0.000000077
30 47 -0.000000083
31 47 -0.000000097
32 47 0.010227020
33 47 -0.999938768
34 47 -0.004226950
35 47 0.000000000
43 47 0.287940475
44 47 -0.000000127
45 47 -0.001748840
46 47 0.000000306
47 47 1.000000003
48 47 -0.000000003
49 47 0.005682392
29 48 0.000000454
30 48 0.000000207
31 48 -0.000000222
32 48 0.019854574
33 48 0.004429512
34 48 -0.999792801
35 48 0.000000000
43 48 0.005682196
44 48 0.001748867
45 48 -0.000000164
46 48 0.000000104
47 48 -0.000000003
48 48 1.000000133
49 48 -0.287940578
29 49 -0.000000130
30 49 -0.000000060
31 49 0.000000063
32 49 -0.003910157
33 49 -0.006939742
34 49 0.287891664
35 49 -1.000000110
43 49 0.000000055
44 49 0.000000067
45 49 0.000000049
46 49 -0.001749129
47 49 0.005682392
48 49 -0.287940578
49 49 1.082945169
36 50 -0.998980683
37 50 -0.012380093
38 50 -0.043409784
39 50 0.003843316
40 50 -0.287417322
41 50 -0.006469233
42 50 -0.000000030
50 50 3.082665435
51 50 0.000028692
52 50 -0.001379346
53 50 0.000000105
54 50 0.287453913
55 50 0.005956797
56 50 -0.000000052
57 50 -0.999266077
58 50 0.007902146
59 50 0.037481687
60 50 -0.000000461
61 50 0.000000061
62 50 -0.000000435
63 50 0.000000063
64 50 -0.996481026
65 50 0.011825898
66 50 0.082980422
67 50 -0.000000016
68 50 0.000000130
69 50 -0.000000214
70 50 0.000000062
36 51 0.012470074
37 51 -0.999920634
38 51 -0.001804492
39 51 0.287369922
40 51 0.003569769
41 51 0.007685344
42 51 0.000000128
50 51 0.000028692
51 51 3.082653354
52 51 0.001711984
53 51 -0.287455739
54 51 0.000000210
55 51 0.004796768
56 51 0.000000204
57 51 -0.007888194
58 51 -0.999968919
59 51 0.000516766
60 51 0.000000923
61 51 -0.000000035
62 51 0.000000190
63 51 -0.000000028
64 51 -0.011548291
65 51 -0.999926069
66 51 0.003823539
67 51 0.000000036
68 51 -0.000000026
69 51 0.000000660
70 51 -0.000000188
36 52 0.043384044
37 52 0.002343986
38 52 -0.999055790
39 52 0.005889852
40 52 0.004871671
41 52 0.000267351
42 52 0.000000003
50 52 -0.001379346
51 52 0.001711984
52 52 3.000058672
53 52 -0.005956210
54 52 -0.004798242
55 52 -0.000000597
56 52 0.000000043
57 52 -0.037484624
58 52 -0.000220839
59 52 -0.999297204
60 52 0.000000460
61 52 -0.000000033
62 52 0.000000205
63 52 -0.000000030
64 52 -0.083019505
65 52 -0.002851908
66 52 -0.996543903
67 52 0.000000009
68 52 -0.000000048
69 52 0.000000223
70 52 -0.000000064
36 53 0.000000000
37 53 0.000000014
38 53 -0.000000002
39 53 -0.998980996
40 53 -0.012380032
41 53 -0.043410384
42 53 -0.000000446
50 53 0.000000105
51 53 -0.287455739
52 53 -0.005956210
53 53 3.000001841
54 53 -0.000000200
55 53 -0.000000485
56 53 -0.004798399
57 53 0.001227606
58 53 0.142176347
59 53 0.002759927
60 53 -0.999266555
61 53 0.007901600
62 53 0.037481817
63 53 -0.004224224
64 53 0.003748948
65 53 0.284146807
66 53 0.004520443
67 53 -0.996481220
68 53 0.011826013
69 53 0.082980298
70 53 -0.014580334
36 54 0.000000004
37 54 -0.000000083
38 54 0.000000056
39 54 0.012469999
40 54 -0.999920697
41 54 -0.001804690
42 54 -0.000000106
50 54 0.287453913
51 54 0.000000210
52 54 -0.004798242
53 54 -0.000000200
54 54 2.999999817
55 54 -0.000000227
56 54 0.005955917
57 54 -0.142234260
58 54 0.001122492
59 54 0.001108204
60 54 -0.007887792
61 54 -0.999968726
62 54 0.000517015
63 54 -0.002835415
64 54 -0.284362573
65 54 0.003318641
66 54 0.009048945
67 54 -0.011548317
68 54 -0.999925963
69 54 0.003823608
70 54 -0.005626192
36 55 0.000000003
37 55 0.000000444
38 55 -0.000000000
39 55 0.043384190
40 55 0.002344181
41 55 -0.999055592
42 55 0.000000020
50 55 0.005956797
51 55 0.004796768
52 55 -0.000000597
53 55 -0.000000485
54 55 -0.000000227
55 55 3.000001771
56 55 -0.287453903
57 55 -0.002800696
58 55 0.004245759
59 55 0.000103861
60 55 -0.037484258
61 55 -0.000220688
62 55 -0.999297888
63 55 0.142180333
64 55 -0.005438044
65 55 0.014645977
66 55 0.000411638
67 55 -0.083019617
68 55 -0.002851886
69 55 -0.996544279
70 55 0.284152175
36 56 -0.000000001
37 56 -0.000000128
38 56 0.000000000
39 56 -0.007603229
40 56 -0.006569908
41 56 0.287379976
42 56 -1.000000003
50 56 -0.000000052
51 56 0.000000204
52 56 0.000000043
53 56 -0.004798399
54 56 0.005955917
55 56 -0.287453903
56 56 3.082688185
57 56 0.000000000
58 56 0.000000000
59 56 0.000000000
60 56 0.000000000
61 56 0.000000000
62 56 0.000000000
63 56 -1.000000039
64 56 0.000000000
65 56 0.000000000
66 56 0.000000000
67 56 0.000000000
68 56 0.000000000
69 56 0.000000000
70 56 -1.000000070
50 57 -0.999266077
51 57 -0.007888194
52 57 -0.037484624
53 57 0.001227606
54 57 -0.142234260
55 57 -0.002800696
56 57 0.000000000
57 57 2.020239929
58 57 0.000002886
59 57 -0.000154514
60 57 0.000000692
61 57 0.142240163
62 57 0.002771465
63 57 -0.000000101
71 57 -0.995208577
72 57 0.004854933
73 57 0.097653792
74 57 -0.000000466
75 57 -0.000000017
76 57 -0.000000185
77 57 0.000000057
50 58 0.007902146
51 58 -0.999968919
52 58 -0.000220839
53 58 0.142176347
54 58 0.001122492
55 58 0.004245759
56 58 0.000000000
57 58 0.000002886
58 58 2.020233446
59 58 0.000394145
60 58 -0.142239492
61 58 0.000000084
62 58 0.001086505
63 58 -0.000000091
71 58 -0.004279006
72 58 -0.999972042
73 58 0.006104608
74 58 -0.000000404
75 58 -0.000000108
76 58 0.000000270
77 58 -0.000000073
50 59 0.037481687
51 59 0.000516766
52 59 -0.999297204
53 59 0.002759927
54 59 0.001108204
55 59 0.000103861
56 59 0.000000000
57 59 -0.000154514
58 59 0.000394145
59 59 2.000008819
60 59 -0.002769651
61 59 -0.001086379
62 59 0.000000230
63 59 -0.000000033
71 59 -0.097680694
72 59 -0.005657328
73 59 -0.995201700
74 59 -0.000000879
75 59 -0.000000002
76 59 0.000000086
77 59 -0.000000016
50 60 -0.000000461
51 60 0.000000923
52 60 0.000000460
53 60 -0.999266555
54 60 -0.007887792
55 60 -0.037484258
56 60 0.000000000
57 60 0.000000692
58 60 -0.142239492
59 60 -0.002769651
60 60 1.999999213
61 60 0.000000699
62 60 -0.000000019
63 60 -0.001086126
71 60 0.001830945
72 60 0.283215913
73 60 0.004580387
74 60 -0.995208498
75 60 0.004855364
76 60 0.097653186
77 60 -0.017905285
50 61 0.000000061
51 61 -0.000000035
52 61 -0.000000033
53 61 0.007901600
54 61 -0.999968726
55 61 -0.000220688
56 61 0.000000000
57 61 0.142240163
58 61 0.000000084
59 61 -0.001086379
60 61 0.000000699
61 61 2.000000267
62 61 -0.000000096
63 61 0.002770483
71 61 -0.283581093
72 61 0.001273621
73 61 0.009834890
74 61 -0.004279437
75 61 -0.999972330
76 61 0.006104716
77 61 -0.006339151
50 62 -0.000000435
51 62 0.000000190
52 62 0.000000205
53 62 0.037481817
54 62 0.000517015
55 62 -0.999297888
56 62 0.000000000
57 62 0.002771465
58 62 0.001086505
59 62 0.000000230
60 62 -0.000000019
61 62 -0.000000096
62 62 2.000000929
63 62 -0.142240360
71 62 -0.006232418
72 62 0.017935573
73 62 0.000509861
74 62 -0.097680120
75 62 -0.005657451
76 62 -0.995202079
77 62 0.283189094
50 63 0.000000063
51 63 -0.000000028
52 63 -0.000000030
53 63 -0.004224224
54 63 -0.002835415
55 63 0.142180333
56 63 -1.000000039
57 63 -0.000000101
58 63 -0.000000091
59 63 -0.000000033
60 63 -0.001086126
61 63 0.002770483
62 63 -0.142240360
63 63 2.020241420
71 63 0.000000017
72 63 -0.000000004
73 63 -0.000000001
74 63 0.000000022
75 63 0.000000057
76 63 0.000000221
77 63 -1.000000115
50 64 -0.996481026
51 64 -0.011548291
52 64 -0.083019505
53 64 0.003748948
54 64 -0.284362573
55 64 -0.005438044
56 64 0.000000000
64 64 3.080905900
65 64 0.000041828
66 64 -0.002558462
67 64 -0.000000850
68 64 0.284401607
69 64 0.004642607
70 64 -0.000000018
78 64 -0.994097970
79 64 -0.001616446
80 64 0.108475130
81 64 0.000000469
82 64 -0.000000060
83 64 0.000000193
84 64 -0.000000058
85 64 -0.985570763
86 64 -0.001010076
87 64 0.169261373
88 64 0.000000037
89 64 -0.000000140
90 64 0.000000212
91 64 -0.000000091
50 65 0.011825898
51 65 -0.999926069
52 65 -0.002851908
53 65 0.284146807
54 65 0.003318641
55 65 0.014645977
56 65 0.000000000
64 65 0.000041828
65 65 3.080965037
66 65 0.001320664
67 65 -0.284401553
68 65 0.000000154
69 65 0.008996819
70 65 0.000000058
78 65 0.002471984
79 65 -0.999966947
80 65 0.007753935
81 65 -0.000000099
82 65 0.000000024
83 65 -0.000000458
84 65 0.000000130
85 65 0.002309160
86 65 -0.999969661
87 65 0.007477827
88 65 0.000000394
89 65 -0.000000003
90 65 -0.000000511
91 65 0.000000205
50 66 0.082980422
51 66 0.003823539
52 66 -0.996543903
53 66 0.004520443
54 66 0.009048945
55 66 0.000411638
56 66 0.000000000
64 66 -0.002558462
65 66 0.001320664
66 66 3.000102776
67 66 -0.004641417
68 66 -0.008996031
69 66 -0.000000064
70 66 0.000000147
78 66 -0.108459013
79 66 -0.007976053
80 66 -0.994069070
81 66 -0.000000929
82 66 0.000000018
83 66 -0.000000123
84 66 0.000000042
85 66 -0.169248599
86 66 -0.007760366
87 66 -0.985542871
88 66 -0.000000907
89 66 0.000000017
90 66 -0.000000070
91 66 0.000000054
50 67 -0.000000016
51 67 0.000000036
52 67 0.000000009
53 67 -0.996481220
54 67 -0.011548317
55 67 -0.083019617
56 67 0.000000000
64 67 -0.000000850
65 67 -0.284401553
66 67 -0.004641417
67 67 2.999999756
68 67 -0.000001141
69 67 0.000001337
70 67 -0.008996191
78 67 -0.000009095
79 67 0.280525856
80 67 0.004095084
81 67 -0.994097339
82 67 -0.001616484
83 67 0.108475412
84 67 -0.022386653
85 67 0.000715567
86 67 0.419718690
87 67 0.006674412
88 67 -0.985570887
89 67 -0.001009861
90 67 0.169260850
91 67 -0.045329152
50 68 0.000000130
51 68 -0.000000026
52 68 -0.000000048
53 68 0.011826013
54 68 -0.999925963
55 68 -0.002851886
56 68 0.000000000
64 68 0.284401607
65 68 0.000000154
66 68 -0.008996031
67 68 -0.000001141
68 68 3.000000243
69 68 0.000000287
70 68 0.004642963
78 68 -0.281256914
79 68 -0.000632032
80 68 0.008171669
81 68 0.002472382
82 68 -0.999967003
83 68 0.007753833
84 68 -0.006307617
85 68 -0.421269641
86 68 -0.000775792
87 68 0.026357557
88 68 0.002309536
89 68 -0.999969416
90 68 0.007477721
91 68 -0.009956446
50 69 -0.000000214
51 69 0.000000660
52 69 0.000000223
53 69 0.082980298
54 69 0.003823608
55 69 -0.996544279
56 69 0.000000000
64 69 0.004642607
65 69 0.008996819
66 69 -0.000000064
67 69 0.000001337
68 69 0.000000287
69 69 3.000000618
70 69 -0.284401434
78 69 -0.006325673
79 69 0.022376015
80 69 0.000510486
81 69 -0.108459472
82 69 -0.007976371
83 69 -0.994069089
84 69 0.280484475
85 69 -0.009918026
86 69 0.045318091
87 69 0.001345755
88 69 -0.169249073
89 69 -0.007760794
90 69 -0.985543018
91 69 0.419653025
50 70 0.000000062
51 70 -0.000000188
52 70 -0.000000064
53 70 -0.014580334
54 70 -0.005626192
55 70 0.284152175
56 70 -1.000000070
64 70 -0.000000018
65 70 0.000000058
66 70 0.000000147
67 70 -0.008996191
68 70 0.004642963
69 70 -0.284401434
70 70 3.080986925
78 70 0.000000000
79 70 0.000000000
80 70 0.000000000
81 70 0.000000000
82 70 0.000000000
83 70 0.000000000
84 70 -1.000000075
85 70 0.000000000
86 70 0.000000000
87 70 0.000000000
88 70 0.000000000
89 70 0.000000000
90 70 0.000000000
91 70 -1.000000134
57 71 -0.995208577
58 71 -0.004279006
59 71 -0.097680694
60 71 0.001830945
61 71 -0.283581093
62 71 -0.006232418
63 71 0.000000017
71 71 3.080460395
72 71 0.000045509
73 71 -0.002783785
74 71 0.000000093
75 71 0.283617275
76 71 0.004650599
77 71 -0.000000076
85 71 -0.993058544
86 71 -0.002159546
87 71 0.117600811
88 71 -0.000000028
89 71 0.000000023
90 71 -0.000000232
91 71 0.000000066
92 71 -0.988886915
93 71 -0.003574428
94 71 0.148626959
95 71 -0.000000033
96 71 0.000000030
97 71 -0.000000221
98 71 0.000000078
57 72 0.004854933
58 72 -0.999972042
59 72 -0.005657328
60 72 0.283215913
61 72 0.001273621
62 72 0.017935573
63 72 -0.000000004
71 72 0.000045509
72 72 3.080534396
73 72 0.001319008
74 72 -0.283616949
75 72 0.000000036
76 72 0.009814264
77 72 0.000000035
85 72 0.002700770
86 72 -0.999986484
87 72 0.004442547
88 72 0.000000084
89 72 0.000000030
90 72 0.000000444
91 72 -0.000000125
92 72 0.004531594
93 72 -0.999971344
94 72 0.006100791
95 72 0.000000502
96 72 0.000000088
97 72 0.000000373
98 72 -0.000000139
57 73 0.097653792
58 73 0.006104608
59 73 -0.995201700
60 73 0.004580387
61 73 0.009834890
62 73 0.000509861
63 73 -0.000000001
71 73 -0.002783785
72 73 0.001319008
73 73 3.000117912
74 73 -0.004652569
75 73 -0.009815421
76 73 -0.000000087
77 73 0.000000029
85 73 -0.117589591
86 73 -0.004729438
87 73 -0.993050957
88 73 0.000000895
89 73 0.000000080
90 73 -0.000000106
91 73 0.000000022
92 73 -0.148600795
93 73 -0.006707112
94 73 -0.988874550
95 73 0.000001321
96 73 0.000000089
97 73 -0.000000199
98 73 0.000000048
57 74 -0.000000466
58 74 -0.000000404
59 74 -0.000000879
60 74 -0.995208498
61 74 -0.004279437
62 74 -0.097680120
63 74 0.000000022
71 74 0.000000093
72 74 -0.283616949
73 74 -0.004652569
74 74 3.000000800
75 74 -0.000000409
76 74 0.000000811
77 74 -0.009815359
85 74 -0.000064207
86 74 0.279970504
87 74 0.004601790
88 74 -0.993058691
89 74 -0.002159608
90 74 0.117600611
91 74 -0.024328342
92 74 -0.000445450
93 74 0.348200575
94 74 0.005409515
95 74 -0.988886887
96 74 -0.003574976
97 74 0.148626684
98 74 -0.035254281
57 75 -0.000000017
58 75 -0.000000108
59 75 -0.000000002
60 75 0.004855364
61 75 -0.999972330
62 75 -0.005657451
63 75 0.000000057
71 75 0.283617275
72 75 0.000000036
73 75 -0.009815421
74 75 -0.000000409
75 75 3.000000064
76 75 -0.000000156
77 75 0.004649897
85 75 -0.280863108
86 75 -0.000719576
87 75 0.008762840
88 75 0.002700756
89 75 -0.999986542
90 75 0.004442419
91 75 -0.005886171
92 75 -0.349529152
93 75 -0.001480877
94 75 0.016883757
95 75 0.004531519
96 75 -0.999971126
97 75 0.006101090
98 75 -0.007618141
57 76 -0.000000185
58 76 0.000000270
59 76 0.000000086
60 76 0.097653186
61 76 0.006104716
62 76 -0.995202079
63 76 0.000000221
71 76 0.004650599
72 76 0.009814264
73 76 -0.000000087
74 76 0.000000811
75 76 -0.000000156
76 76 2.999999432
77 76 -0.283617382
85 76 -0.005911065
86 76 0.024314916
87 76 0.000583772
88 76 -0.117589729
89 76 -0.004729384
90 76 -0.993051089
91 76 0.279945406
92 76 -0.007692983
93 76 0.035226394
94 76 0.000917466
95 76 -0.148600859
96 76 -0.006706689
97 76 -0.988874201
98 76 0.348159260
57 77 0.000000057
58 77 -0.000000073
59 77 -0.000000016
60 77 -0.017905285
61 77 -0.006339151
62 77 0.283189094
63 77 -1.000000115
71 77 -0.000000076
72 77 0.000000035
73 77 0.000000029
74 77 -0.009815359
75 77 0.004649897
76 77 -0.283617382
77 77 3.080557086
85 77 0.000000000
86 77 0.000000000
87 77 0.000000000
88 77 0.000000000
89 77 0.000000000
90 77 0.000000000
91 77 -1.000000112
92 77 0.000000000
93 77 0.000000000
94 77 0.000000000
95 77 0.000000000
96 77 0.000000000
97 77 0.000000000
98 77 -1.000000132
64 78 -0.994097970
65 78 0.002471984
66 78 -0.108459013
67 78 -0.000009095
68 78 -0.281256914
69 78 -0.006325673
70 78 0.000000000
78 78 3.079145798
79 78 0.000033687
80 78 -0.002301563
81 78 -0.000000135
82 78 0.281297886
83 78 0.004106297
84 78 0.000000021
92 78 -0.995706801
93 78 -0.000898253
94 78 0.092560076
95 78 0.000000000
96 78 0.000000077
97 78 0.000000006
98 78 -0.000000001
99 78 -0.988437699
100 78 -0.001104904
101 78 0.151624137
102 78 0.000000001
103 78 0.000000090
104 78 0.000000009
105 78 -0.000000003
64 79 -0.001616446
65 79 -0.999966947
66 79 -0.007976053
67 79 0.280525856
68 79 -0.000632032
69 79 0.022376015
70 79 0.000000000
78 79 0.000033687
79 79 3.079196243
80 79 0.001154860
81 79 -0.281297688
82 79 -0.000000000
83 79 0.008180095
84 79 0.000000035
92 79 0.001055914
93 79 -0.999998120
94 79 0.001655255
95 79 -0.000000361
96 79 -0.000000026
97 79 0.000001155
98 79 -0.000000241
99 79 0.001876880
100 79 -0.999986127
101 79 0.004948976
102 79 -0.000000339
103 79 -0.000000024
104 79 0.000000953
105 79 -0.000000327
64 80 0.108475130
65 80 0.007753935
66 80 -0.994069070
67 80 0.004095084
68 80 0.008171669
69 80 0.000510486
70 80 0.000000000
78 80 -0.002301563
79 80 0.001154860
80 80 3.000084189
81 80 -0.004106512
82 80 -0.008182116
83 80 0.000000568
84 80 -0.000000036
92 80 -0.092558431
93 80 -0.001745783
94 80 -0.995705862
95 80 -0.000000026
96 80 -0.000000004
97 80 -0.000000221
98 80 0.000000047
99 80 -0.151616574
100 80 -0.005176439
101 80 -0.988425979
